tmin	tmax	tavg
2006-06-01	15.97	37.02	26.776875
2006-06-02	16.88	37.91	26.7445833333333
2006-06-03	17.63	37.77	25.781875
2006-06-04	17.53	37.25	24.6129166666667
2006-06-05	17.45	34.99	23.9825
2006-06-06	16.87	34.32	23.8516666666667
2006-06-07	17.11	38.25	25.5910416666667
2006-06-08	17.16	37.54	26.7002083333333
2006-06-09	17.89	37.31	26.9341666666667
2006-06-10	18.32	37.49	26.945625
2006-06-11	17.12	36.91	25.9747916666667
2006-06-12	17.63	35.4	26.4097916666667
2006-06-13	18.91	37.65	27.2547916666667
2006-06-14	19.17	36.04	26.9908333333333
2006-06-15	20.45	37.64	27.605
2006-06-16	20.52	35.79	26.83625
2006-06-17	20.11	36.78	27.4575
2006-06-18	18.98	37.86	27.6489583333333
2006-06-19	18.77	38.59	27.6275
2006-06-20	18.12	36.43	26.3941666666667
2006-06-21	19.4	37.32	27.5020833333333
2006-06-22	19.73	37.67	28.1979166666667
2006-06-23	19.63	37.66	28.7583333333333
2006-06-24	22.02	37.93	30.006875
2006-06-25	23.08	36.82	30.245625
2006-06-26	21.61	37.67	30.0775
2006-06-27	23.06	37.37	30.294375
2006-06-28	23.5	36.02	30.1858333333333
2006-06-29	25	37.42	31.41125
2006-06-30	23.96	39.71	32.2477083333333
2006-07-01	22.01	39.53	30.315625
2006-07-02	20.77	37.08	28.7660416666667
2006-07-03	22.66	37.45	29.7585416666667
2006-07-04	21.25	38.89	29.8977083333333
2006-07-05	21.33	37.62	29.3602083333333
2006-07-06	21.6	37.27	29.7727083333333
2006-07-07	22.27	39.05	30.8610416666667
2006-07-08	22.73	39.79	30.8739583333333
2006-07-09	22.62	38.51	29.6995833333333
2006-07-10	23.03	35.86	29.8454166666667
2006-07-11	23.98	37.32	30.2741666666667
2006-07-12	25.33	38.85	31.3916666666667
2006-07-13	24.84	38.89	31.2614583333333
2006-07-14	25.53	38.25	31.3129166666667
2006-07-15	23.39	35.69	29.2535416666667
2006-07-16	25.39	36.12	30.5722916666667
2006-07-17	24.68	37.01	31.0802083333333
2006-07-18	25.06	38.69	32.1116666666667
2006-07-19	24.69	39.57	32.2720833333333
2006-07-20	25.43	38.05	31.6166666666667
2006-07-21	25.22	37.06	31.301875
2006-07-22	26.77	38.01	31.788125
2006-07-23	25.7	38.91	31.6797916666667
2006-07-24	26.22	36.17	30.8377083333333
2006-07-25	24.42	28.81	26.134375
2006-07-26	25.4	33.14	28.4058333333333
2006-07-27	23.73	33.04	28.4339583333333
2006-07-28	25.66	34.99	29.9735416666667
2006-07-29	24.77	35.7	29.6241666666667
2006-07-30	23.77	35.95	29.3104166666667
2006-07-31	23.67	35.51	29.4102083333333
2006-08-01	23.83	35.15	29.648125
2006-08-02	24.08	36.33	30.0777083333333
2006-08-03	23.68	37.06	29.3302083333333
2006-08-04	23.65	37.37	29.6622916666667
2006-08-05	24.26	36.23	30.4583333333333
2006-08-06	23.6	37.6	29.160625
2006-08-07	24.92	31.31	27.00625
2006-08-08	24.34	34.04	27.9089583333333
2006-08-09	22.57	36.76	29.1947916666667
2006-08-10	23.52	36.37	30.2372916666667
2006-08-11	25.05	36.78	30.7464583333333
2006-08-12	24.95	38.07	31.2925
2006-08-13	24.7	38.41	31.4685416666667
2006-08-14	24.66	37.59	31.0670833333333
2006-08-15	24.8	37.43	31.1825
2006-08-16	25.04	37	30.8027083333333
2006-08-17	24.77	37.24	30.7958333333333
2006-08-18	25.47	38.76	32.1879166666667
2006-08-19	25.87	38.7	31.5145833333333
2006-08-20	25.55	37.68	31.0264583333333
2006-08-21	25.36	34.87	29.6647916666667
2006-08-22	24.36	35.9	30.41625
2006-08-23	24.99	34.68	29.5829166666667
2006-08-24	26.2	36.06	30.43875
2006-08-25	25.65	37.7	30.708125
2006-08-26	25.28	37.13	30.7541666666667
2006-08-27	26.59	34.94	29.32875
2006-08-28	24.88	34.58	28.7810416666667
2006-08-29	24.2	34.98	29.9066666666667
2006-08-30	23.76	35.99	30.613125
2006-08-31	25.53	37.32	31.5929166666667
2006-09-01	25.82	33.17	28.2510416666667
2006-09-02	24.61	27.23	25.9472916666667
2006-09-03	24.66	33.27	28.4920833333333
2006-09-04	23.58	33.71	28.4220833333333
2006-09-05	24.56	33.77	28.14375
2006-09-06	25.54	32.74	28.70125
2006-09-07	24.31	32.76	27.99375
2006-09-08	24.17	32.97	28.355625
2006-09-09	24.12	32.86	28.471875
2006-09-10	24.24	33.17	28.6095833333333
2006-09-11	23.45	34.48	28.9641666666667
2006-09-12	23.35	35.61	29.5075
2006-09-13	23.02	35.05	28.8547916666667
2006-09-14	22.8	36.3	29.1864583333333
2006-09-15	22.67	34.04	28.9672916666667
2006-09-16	24.87	36.21	29.80875
2006-09-17	22.6	33.19	27.7939583333333
2006-09-18	23.48	33.01	28.3522916666667
2006-09-19	24.93	34.04	28.7977083333333
2006-09-20	24.26	34.6	28.5154166666667
2006-09-21	23.92	34.94	29.0433333333333
2006-09-22	24.22	34.19	28.3235416666667
2006-09-23	22.43	33.42	27.2777083333333
2006-09-24	18.55	32.04	26.1589583333333
2006-09-25	21.66	33.08	27.7758333333333
2006-09-26	24.76	35.42	28.6927083333333
2006-09-27	25.68	35.74	29.9422916666667
2006-09-28	25.5	37.69	31.1785416666667
2006-09-29	24.32	34.61	29.679375
2006-09-30	25.6	34.79	29.92125
2006-10-01	24.95	34.97	29.12375
2006-10-02	24.67	35.57	29.995
2006-10-03	24.98	37.19	30.1539583333333
2006-10-04	24.31	37.11	30.39625
2006-10-05	24.84	37.99	30.844375
2006-10-06	24.36	36.88	30.3622916666667
2006-10-07	24.3	36.41	29.9535416666667
2006-10-08	23.53	34.69	28.5235416666667
2006-10-09	22.48	33.06	27.3354166666667
2006-10-10	21.97	33.99	27.9829166666667
2006-10-11	21.46	33.51	28.01
2006-10-12	22.18	34.78	28.74625
2006-10-13	23.14	36.76	29.743125
2006-10-14	20.03	33.93	27.9389583333333
2006-10-15	18.04	30.95	25.2025
2006-10-16	16.34	30.85	24.0385416666667
2006-10-17	15.18	32.36	24.584375
2006-10-18	16.4	29.36	23.809375
2006-10-19	16.5	30.41	24.7045833333333
2006-10-20	17.49	31.61	25.4216666666667
2006-10-21	15.37	31.05	24.6283333333333
2006-10-22	21.11	32.17	26.62375
2006-10-23	24.87	31.48	26.9170833333333
2006-10-24	24.73	27.23	25.815625
2006-10-25	24.55	30.82	26.9647916666667
2006-10-26	21.5	30.53	26.3141666666667
2006-10-27	25.21	29.85	27.054375
2006-10-28	18.33	29.86	25.2125
2006-10-29	18.96	32.07	25.260625
2006-10-30	19.41	33.08	25.8858333333333
2006-10-31	15.97	31.77	24.4402083333333
2006-11-01	14.7	30.39	23.095625
2006-11-02	17.09	29.82	24.18
2006-11-03	16.7	30.99	23.7964583333333
2006-11-04	14.68	32.81	23.41625
2006-11-05	13.39	30.49	22.420625
2006-11-06	16.52	31.23	23.7066666666667
2006-11-07	14.17	30.99	22.888125
2006-11-08	15.34	33.37	24.4233333333333
2006-11-09	16.31	32.81	24.6683333333333
2006-11-10	14.55	32.49	22.810625
2006-11-11	14.65	29.78	22.3539583333333
2006-11-12	16.61	30.6	23.9104166666667
2006-11-13	18.13	29.57	24.4
2006-11-14	17.09	31.16	24.0466666666667
2006-11-15	13.57	29.26	22.0414583333333
2006-11-16	15.24	28.88	22.7775
2006-11-17	14.59	29.48	22.64625
2006-11-18	14.84	30.61	22.7197916666667
2006-11-19	13.42	30.66	21.8416666666667
2006-11-20	15.2	29.05	23.3204166666667
2006-11-21	17.91	30.43	24.2033333333333
2006-11-22	13.91	30.93	22.5566666666667
2006-11-23	14.92	33.11	22.9166666666667
2006-11-24	12	32.14	22.143125
2006-11-25	11.1	31.57	22.275625
2006-11-26	15.15	29.3	22.0035416666667
2006-11-27	11.88	26.53	19.48375
2006-11-28	10.01	28.18	18.8295833333333
2006-11-29	10.35	25.79	19.5375
2006-11-30	19.68	22.91	21.0025
2006-12-01	15.55	23.57	20.86875
2006-12-02	12.09	24.81	19.2395833333333
2006-12-03	20.14	25.27	22.6635416666667
2006-12-04	20.15	24.97	22.3777083333333
2006-12-05	15.2	26.01	21.7602083333333
2006-12-06	15.45	26.46	21.6916666666667
2006-12-07	15.66	25.95	21.1002083333333
2006-12-08	10.59	26.57	18.8116666666667
2006-12-09	10.74	26.47	19.0841666666667
2006-12-10	11.77	27.99	20.2754166666667
2006-12-11	12.79	24.87	21.115625
2006-12-12	13.41	25.27	21.0035416666667
2006-12-13	13.56	25.51	20.8122916666667
2006-12-14	10.43	26.03	18.314375
2006-12-15	8.94	27.32	18.391875
2006-12-16	7.73	31.26	19.464375
2006-12-17	10.17	25.57	18.360625
2006-12-18	11.85	23.78	18.2704166666667
2006-12-19	12.95	24.07	19.4420833333333
2006-12-20	17.73	20.8	18.8570833333333
2006-12-21	16	21.97	18.8120833333333
2006-12-22	7.86	26.43	18.185
2006-12-23	13.24	22.3	18.6177083333333
2006-12-24	10.32	23.15	16.8291666666667
2006-12-25	11.33	23.9	20.2777083333333
2006-12-26	8.12	25.53	17.095625
2006-12-27	4.497	31.62	18.3754791666667
2006-12-28	15.88	24.93	19.2866666666667
2006-12-29	12.76	21.17	17.6422916666667
2006-12-30	8.92	21.49	17.5791666666667
2006-12-31	9.48	22.42	18.1575
2007-01-01	5.652	26.23	16.0451666666667
2007-01-02	10.32	22.34	17.5116666666667
2007-01-03	9.51	23.1	18.3345833333333
2007-01-04	6.663	23.19	16.1203541666667
2007-01-05	7.39	27.69	17.5608333333333
2007-01-06	10.99	20.77	17.7010416666667
2007-01-07	16.1	21.84	19.19
2007-01-08	17.53	23.65	19.83625
2007-01-09	13.01	24.64	19.3133333333333
2007-01-10	10.4	25.94	18.9183333333333
2007-01-11	17.46	25.14	20.9622916666667
2007-01-12	17.13	26.8	21.5302083333333
2007-01-13	15.98	23.47	19.0820833333333
2007-01-14	14.39	18.83	16.4064583333333
2007-01-15	14.85	17.41	16.0697916666667
2007-01-16	14.74	19.57	17.0560416666667
2007-01-17	16.58	16.9	16.7471428571429
2007-01-18	16.8	19.64	17.942380952381
2007-01-19	13.7	17.13	15.81375
2007-01-20	10.8	20.43	15.3647916666667
2007-01-21	6.387	21.1	14.6448958333333
2007-01-22	9.33	19.58	14.7554166666667
2007-01-23	14.12	17.14	15.581875
2007-01-24	4.905	22.22	14.9160833333333
2007-01-25	4.529	23.38	14.3082916666667
2007-01-26	6.198	21.47	14.2594583333333
2007-01-27	5.919	22.54	14.5211041666667
2007-01-28	6.316	22.18	14.5536041666667
2007-01-29	14.15	26.87	19.1654166666667
2007-01-30	12.06	24.29	18.33375
2007-01-31	6.651	23.6	16.3609583333333
2007-02-01	8.65	20.67	15.2697916666667
2007-02-02	5.962	21.19	15.3262916666667
2007-02-03	15.35	21.72	18.5104166666667
2007-02-04	10.52	23.97	18.5010416666667
2007-02-05	9.35	25.83	18.2941666666667
2007-02-06	10.4	27.49	18.5604166666667
2007-02-07	10.35	31.04	19.71875
2007-02-08	14.57	28.51	21.6716666666667
2007-02-09	10.81	28.85	20.09875
2007-02-10	10.61	28.15	19.3752083333333
2007-02-11	11.2	26.77	19.0333333333333
2007-02-12	9.36	24.8	17.6158333333333
2007-02-13	10.09	24.75	18.0339583333333
2007-02-14	10.23	22.1	17.2422916666667
2007-02-15	17.2	21.95	19.2408333333333
2007-02-16	12.08	24.81	20.0658333333333
2007-02-17	10.97	24.15	17.9645833333333
2007-02-18	11.66	29.1	20.4864583333333
2007-02-19	15.78	28.46	20.44125
2007-02-20	14.41	22.9	18.258125
2007-02-21	13.96	23.65	18.7508333333333
2007-02-22	12.37	26.31	18.474375
2007-02-23	12.66	28.63	19.53375
2007-02-24	11.6	22.22	17.7179166666667
2007-02-25	10.25	24.17	18.2345833333333
2007-02-26	4.549	29.02	17.833625
2007-02-27	6.19	27.47	17.7554583333333
2007-02-28	12	27.67	19.7610416666667
2007-03-01	14.26	21.86	18.720625
2007-03-02	11.59	23.23	18.6108333333333
2007-03-03	17.51	23.86	20.2966666666667
2007-03-04	14.23	24.05	20.3541666666667
2007-03-05	9.85	25.87	17.659375
2007-03-06	11.4	27.87	18.4439583333333
2007-03-07	10.19	31.76	20.82875
2007-03-08	8.7	32.78	21.3954166666667
2007-03-09	9.41	31.94	21.4766666666667
2007-03-10	11.65	32.1	23.1539583333333
2007-03-11	10.28	26.62	20.1072916666667
2007-03-12	10.21	31.71	21.3614583333333
2007-03-13	15.13	32.08	23.0427083333333
2007-03-14	11.52	32.71	23.3097916666667
2007-03-15	12.29	34.63	23.8547916666667
2007-03-16	13.29	34.51	24.075625
2007-03-17	15.56	36.71	25.524375
2007-03-18	17.06	36.41	25.5483333333333
2007-03-19	16.09	36.94	24.9754166666667
2007-03-20	14.08	30.58	22.435625
2007-03-21	14.93	34.66	23.8677083333333
2007-03-22	15.49	28.63	21.334375
2007-03-23	10.37	25.39	18.5502083333333
2007-03-24	9.85	23.69	18.149375
2007-03-25	11.95	27.05	20.5572916666667
2007-03-26	11.91	27.42	20.095
2007-03-27	12.55	31.35	22.326875
2007-03-28	13.85	24.61	19.8366666666667
2007-03-29	13.93	24.38	20.1914583333333
2007-03-30	13.59	25.49	21.090625
2007-03-31	14.3	27.54	22.1620833333333
2007-04-01	6.231	31.26	19.59
2007-04-02	11.35	32.27	22.351875
2007-04-03	11.43	32.28	22.124375
2007-04-04	15.02	33.63	24.300625
2007-04-05	13.08	34.27	24.7370833333333
2007-04-06	15.07	32.61	22.34375
2007-04-07	15.4	29.37	21.155625
2007-04-08	13.52	26.82	19.8458333333333
2007-04-09	13.85	28.67	20.4504166666667
2007-04-10	13.25	31.24	21.795
2007-04-11	12.77	29.3	20.93875
2007-04-12	14.62	31.71	21.8191666666667
2007-04-13	12.24	24.81	18.944375
2007-04-14	11.77	25.65	20.2172916666667
2007-04-15	7.51	32.42	21.538125
2007-04-16	12.57	27.18	20.0747916666667
2007-04-17	15.45	24.47	20.676875
2007-04-18	14.26	28.28	21.4883333333333
2007-04-19	16.78	32.19	23.2302083333333
2007-04-20	14.49	32.8	24.0370833333333
2007-04-21	11.89	26.07	20.7275
2007-04-22	15.18	26.4	21.04625
2007-04-23	17.9	29.72	23.2789583333333
2007-04-24	11.08	27.73	20.8627083333333
2007-04-25	12.43	30.57	22.3175
2007-04-26	15.39	34	23.6025
2007-04-27	15.72	28.95	21.3991666666667
2007-04-28	11.93	29.82	20.8475
2007-04-29	13.09	31.28	22.4372916666667
2007-04-30	14.66	33.74	23.8602083333333
2007-05-01	14.1	31.14	21.4404166666667
2007-05-02	12.91	29.25	20.9302083333333
2007-05-03	14.24	32.71	23.2122916666667
2007-05-04	15.92	34.98	23.5958333333333
2007-05-05	13.96	33.88	22.69375
2007-05-06	12.66	27.76	20.2975
2007-05-07	13.37	30.53	21.2989583333333
2007-05-08	14.38	29.71	22.0377083333333
2007-05-09	15.78	33.01	24.4570833333333
2007-05-10	13.4	34.61	25.41125
2007-05-11	16.68	37.01	26.7360416666667
2007-05-12	14.49	37.85	27.3545833333333
2007-05-13	14.11	32.52	23.280625
2007-05-14	14.25	34.98	22.5829166666667
2007-05-15	12.97	34.64	23.62625
2007-05-16	15.27	36.21	24.5914583333333
2007-05-17	14.86	35.58	24.8660416666667
2007-05-18	14.51	35.55	23.8258333333333
2007-05-19	14.82	32.81	21.73125
2007-05-20	12.73	33.06	21.1345833333333
2007-05-21	12.54	31.64	20.7466666666667
2007-05-22	13.05	29.71	20.5641666666667
2007-05-23	13.31	19.85	15.285
2007-05-25	15.42	34.98	27.7557894736842
2007-05-26	16.45	32.95	25.391875
2007-05-27	16.69	36.98	27.741875
2007-05-28	16.95	37.1	28.8754166666667
2007-05-29	22.19	36.63	29.085
2007-05-30	20.36	37.47	29.4683333333333
2007-05-31	18.44	38.67	29.1860416666667
